row.names,tobacco,ldl,adiposity,typea,obesity,alcohol,age,chd,famhist_Present
332,0.31,2.33,16.48,33,24.0,11.83,17,0,False
238,5.76,4.89,26.1,46,27.3,19.44,57,0,True
424,13.8,5.1,29.45,52,27.92,77.76,55,1,True
92,3.7,4.02,39.66,61,30.57,0.0,64,1,False
56,5.99,7.99,32.48,45,26.57,100.32,48,0,False
141,14.0,5.9,37.12,58,33.87,3.52,54,1,False
58,5.1,2.96,26.5,55,25.52,12.34,38,1,False
364,4.2,2.91,28.83,43,24.7,47.52,48,0,True
344,6.3,5.73,22.61,46,20.43,62.54,53,1,True
453,0.0,2.77,13.35,67,23.37,1.03,18,0,False
351,5.6,4.24,22.53,29,22.91,5.66,60,0,False
211,0.05,8.03,27.95,48,26.88,0.0,60,0,False
282,1.08,4.37,26.08,67,24.07,17.74,28,1,False
232,13.2,7.18,35.95,48,29.19,0.0,62,0,False
272,0.0,4.16,39.43,46,30.01,0.0,55,1,True
195,0.05,2.79,10.35,46,21.62,0.0,18,0,False
8,4.08,4.59,14.6,62,23.11,6.72,58,1,True
126,8.6,11.17,35.28,70,33.14,0.0,59,1,True
246,0.0,2.63,23.88,45,21.59,6.54,57,0,False
276,0.8,2.47,17.53,47,22.18,0.0,55,1,False
319,1.2,3.98,14.9,49,23.79,25.82,26,0,False
89,0.9,5.64,17.78,55,21.94,0.0,41,0,True
361,1.68,3.58,25.43,50,27.03,0.0,32,0,False
300,12.0,4.51,21.93,61,26.07,64.8,46,1,False
409,19.2,4.43,40.6,55,32.04,36.0,60,1,True
414,8.2,14.16,36.85,52,28.5,17.02,55,1,False
157,0.0,2.81,15.7,42,22.03,1.03,17,0,False
182,0.0,6.06,41.05,51,40.34,0.0,51,0,True
122,1.4,6.25,20.47,60,25.85,8.51,28,0,False
445,0.57,4.75,23.07,67,26.33,0.0,37,0,False
418,16.0,5.56,29.35,36,25.92,58.32,60,0,False
279,4.25,8.22,30.77,56,25.8,0.0,43,0,False
208,4.0,6.65,30.84,54,28.4,33.51,60,0,True
146,0.0,3.84,18.72,56,22.1,4.8,40,0,False
233,1.75,5.46,34.34,53,29.42,0.0,58,1,False
269,12.0,4.96,29.79,53,24.86,8.23,57,0,False
275,4.2,5.59,25.02,58,25.02,1.54,43,0,False
215,0.0,2.4,21.11,57,22.45,1.37,18,0,False
407,2.38,5.67,29.01,54,27.26,15.77,51,0,True
312,3.5,5.26,21.97,36,22.04,8.33,59,1,True
290,0.05,4.61,13.69,51,23.23,2.78,16,0,False
96,3.0,4.37,23.07,56,20.54,9.65,62,0,False
87,10.5,4.49,17.33,67,19.37,0.0,49,1,False
104,0.42,4.6,26.68,41,30.97,10.33,31,0,False
386,19.6,6.03,34.99,49,26.99,55.89,44,0,False
224,7.5,7.39,28.04,50,25.01,0.0,45,1,True
76,0.0,4.12,17.42,52,21.66,12.86,40,0,False
404,5.5,3.79,23.92,45,21.26,6.17,62,1,True
200,0.0,4.66,24.39,50,25.26,4.03,27,0,False
394,0.95,4.75,21.06,49,23.74,24.69,61,0,False
214,0.0,0.98,21.39,62,26.75,0.0,53,0,False
280,0.0,2.63,9.69,45,17.89,0.0,16,0,False
95,1.7,6.32,33.67,47,30.16,0.19,56,0,False
105,1.5,5.38,25.84,64,28.63,3.89,29,0,False
413,0.8,5.63,36.21,50,34.72,28.8,60,0,False
268,0.12,4.16,9.37,57,19.61,0.0,17,0,False
22,7.9,2.85,26.5,51,26.16,25.71,44,0,True
124,4.5,2.85,30.11,55,24.78,24.89,56,1,False
446,3.0,3.69,25.1,60,30.08,38.88,27,0,False
171,2.55,6.89,33.88,69,29.33,0.0,41,0,True
255,9.0,4.65,15.16,58,23.76,43.2,46,0,True
330,5.6,3.2,12.3,49,20.29,0.0,39,0,False
241,5.2,3.58,29.26,70,27.29,20.17,45,1,False
234,0.0,3.76,24.59,56,24.36,0.0,30,0,False
41,0.28,5.8,33.7,60,30.98,0.0,41,1,True
242,6.0,4.37,22.98,50,26.01,0.0,47,0,True
416,6.4,5.62,33.05,57,31.03,0.74,46,0,True
27,6.0,9.65,33.91,60,38.8,0.0,48,0,False
348,4.5,4.75,23.52,43,25.76,0.0,53,1,True
343,4.28,7.02,19.99,68,23.31,0.0,52,1,True
321,3.72,4.24,32.57,52,24.98,7.61,51,0,False
415,0.92,2.66,19.85,49,20.58,0.51,63,1,True
5,13.6,3.5,27.78,60,25.99,57.34,49,1,True
46,4.65,3.31,22.74,62,22.95,0.51,48,0,False
265,5.0,4.19,23.99,68,27.8,25.86,35,0,True
231,2.35,3.36,26.72,54,26.08,109.8,58,1,True
352,10.5,2.7,29.87,54,24.5,16.46,49,0,True
334,6.4,8.49,37.25,56,28.94,10.49,51,1,True
174,0.0,2.42,34.46,48,29.83,1.03,61,0,False
420,2.8,4.79,20.47,50,22.15,11.73,48,0,True
292,0.0,1.71,15.96,42,22.03,3.5,16,0,False
322,0.0,4.81,28.11,56,25.67,75.77,59,0,True
259,12.0,5.13,28.34,59,24.49,32.81,58,1,False
257,5.08,7.03,27.41,63,36.46,24.48,37,1,True
294,0.18,4.14,14.4,53,23.43,7.71,44,0,False
227,4.46,7.18,26.25,69,27.29,0.0,32,1,True
19,2.6,7.46,34.07,61,29.3,53.28,62,1,True
36,4.26,4.44,13.04,57,19.49,48.99,28,1,False
384,1.68,11.41,29.54,74,30.75,2.06,38,1,True
152,6.6,3.58,20.71,55,24.15,0.0,52,0,False
273,2.2,4.16,38.02,65,37.24,4.11,41,1,False
163,0.0,2.68,17.04,42,22.16,0.0,16,0,False
9,0.0,3.83,19.4,49,24.86,2.49,29,0,True
393,2.4,5.63,42.17,59,35.07,12.86,50,1,True
427,0.0,3.3,21.61,42,24.92,32.61,33,0,False
220,7.4,7.41,32.03,50,27.62,7.85,57,0,False
162,27.4,3.12,26.63,66,27.45,33.07,62,1,False
204,0.73,3.97,23.52,54,23.81,19.2,64,0,False
399,11.2,2.77,30.79,38,24.86,90.93,48,1,False
31,2.52,3.95,25.63,51,21.86,0.0,45,1,False
456,0.64,4.82,28.02,60,28.11,8.23,39,1,False
97,2.16,4.9,24.83,39,26.06,28.29,29,0,True
154,0.0,2.74,11.17,53,22.61,0.95,20,0,False
357,0.9,3.18,23.66,52,23.26,27.36,58,1,True
419,0.0,3.14,31.04,45,30.18,4.63,45,0,True
78,0.6,5.56,33.39,58,27.19,0.0,55,1,True
423,0.0,3.86,21.73,42,23.37,0.0,63,0,False
130,12.18,4.04,37.83,63,34.57,4.17,64,0,True
354,1.2,8.28,36.16,42,27.81,11.6,58,1,True
392,0.54,3.63,22.03,69,24.34,12.86,39,1,True
173,0.0,4.79,34.71,49,26.09,9.26,47,0,False
101,8.0,7.85,23.81,51,22.69,2.78,50,0,True
362,12.3,5.96,32.79,57,30.12,21.5,62,1,True
381,4.5,4.68,39.97,61,33.17,1.54,64,1,False
278,2.02,6.57,31.9,50,28.75,11.83,64,1,True
442,0.0,7.14,28.28,57,29.0,0.0,32,0,False
91,1.03,2.83,10.85,45,21.59,1.75,21,0,False
4,7.5,6.41,38.03,51,31.99,24.26,58,1,True
222,0.5,6.95,39.64,47,41.76,3.81,46,1,True
286,15.0,4.98,36.94,72,31.83,66.27,41,1,True
1,12.0,5.73,23.11,49,25.3,97.2,52,1,True
390,0.0,4.92,18.53,57,24.2,34.97,26,0,False
284,0.0,4.17,33.23,69,27.36,6.17,50,1,False
47,7.4,8.55,24.65,64,25.71,5.86,58,1,True
237,5.5,3.78,34.15,55,28.85,3.18,61,0,False
170,5.3,7.95,33.58,58,36.06,8.23,48,0,True
212,1.0,5.88,34.81,69,31.27,15.94,40,1,True
51,0.0,5.75,30.9,46,29.01,4.11,42,0,True
281,0.12,3.26,12.26,55,22.65,0.0,16,0,False
378,3.6,4.16,22.58,60,24.49,65.31,31,0,False
202,3.15,4.37,20.22,59,25.12,47.16,31,1,True
397,0.0,3.54,16.64,58,25.97,8.36,27,0,False
112,9.0,8.53,24.48,69,26.18,4.63,54,1,True
230,0.0,5.47,32.44,71,28.99,7.41,50,1,True
180,15.0,4.91,34.65,41,27.96,14.4,56,0,False
434,0.0,4.0,19.06,40,21.94,2.06,16,0,False
244,0.76,10.53,35.66,63,34.35,0.0,55,1,False
433,0.0,1.43,26.26,42,19.38,0.0,16,0,False
34,8.75,6.53,34.02,49,30.25,0.0,41,1,False
63,10.1,4.71,24.65,65,26.21,24.53,57,0,True
250,6.0,5.21,33.02,64,29.37,7.61,58,1,True
197,0.0,3.09,20.57,54,25.63,0.51,17,0,False
188,2.15,5.17,27.57,52,25.42,2.06,39,0,False
28,9.1,5.24,27.55,59,20.96,21.6,61,1,False
389,4.5,10.49,33.27,50,25.92,2.06,53,1,False
2,0.01,4.41,28.61,55,28.87,2.06,63,1,False
136,4.18,9.05,29.27,44,24.05,19.34,52,1,True
421,0.0,4.55,29.18,48,24.94,36.0,41,0,False
459,0.4,5.98,31.72,64,28.45,0.0,58,0,False
411,0.0,3.1,26.97,41,24.8,0.0,16,0,False
426,2.2,3.29,22.7,44,23.66,5.66,42,1,False
223,2.4,8.13,35.61,46,27.38,13.37,60,0,False
376,0.0,2.4,27.89,70,30.74,144.0,29,0,True
274,1.36,3.16,14.97,56,24.98,7.3,24,0,True
391,5.6,3.17,30.98,44,25.99,43.2,53,1,True
267,0.12,1.96,20.31,37,20.01,2.42,18,0,False
271,6.8,7.84,30.74,58,26.2,23.66,45,1,True
443,0.0,3.98,13.19,47,21.89,0.0,16,0,True
123,0.0,5.01,26.13,64,26.21,12.24,33,0,False
225,7.28,3.52,12.33,60,19.48,2.06,56,0,False
249,0.6,6.94,30.53,36,25.68,1.42,64,0,False
216,7.77,8.07,34.8,64,31.15,0.0,62,1,False
